                                                           
                                                           
                                                           
                                                           
                                                           
                                                           
                                                           
                                                           
                                                           
                              11111  1111111111            
               11111111       0000011000000000011          
             00000000001      000000000000000000011        
            00000000000011    00000011      0000001        
          000001    0000011   0000011                      
          0000011   0000011   0000011                      
        0000011               0000011                      
        0000011               0000011            111111    
        0000011               0000011           0000011    
        0000011               0000011           0000011    
        0000011    11111111   0000011           0000011    
        0000011   000000011   000001    11111   0000011    
        0000011   000000011            0000011  0000011    
        0000011     0000011          000000000110000011    
         0000011    0000011        0000011 000000000011    
          00000111110000011       000011     0000000011    
           0000000000000011      000011       000000011    
            0000001 000001      000011         00000011    
                                000011         00000011    
                                 000011       000000011    
                 11111            000011     0000000011    
                0000011   111111   00000111000000000011    
              000000000110000011    00000000001 0000011    
            0000011 000000000011       000001   000001     
           000011     0000000011                           
          000011       000000011                           
         000011         00000011                           
         000011         00000011                           
          000011       000000011                           
           000011     0000000011                           
            00000111000000000011                           
             00000000001 0000011                           
                000001   000001                            
                                                           
                                                           
                                                           