                                                           
                                                           
                                                           
                                                           
                              1111111                      
                              0000011                      
                              0000011                      
                              0000011                      
                              0000011                      
                              00000111111111               
               11111111       000000000000011              
             00000000001      0000000000000011             
            00000000000011    0000011  0000011             
          000001    0000011   0000011  0000011             
          0000011   0000011   0000011  0000011             
           0000011            0000011  0000011             
            0000011           0000011  0000011             
             0000011          0000011  0000011             
              0000011         0000011  0000011             
               0000011        0000011  0000011             
                0000011       0000011  000001              
                 0000011                                   
          11111   0000011                                  
         0000011   0000011     111111  111111  111111      
         00000111110000011    0000011 0000011 0000011      
          00000000000011      0000011 0000011 0000011      
           00000000001        0000011 0000011 0000011      
                              0000011 0000011 0000011      
                              0000011 0000011 0000011      
               11111111       0000011 0000011 0000011      
              00000000011      000001100000110000011       
             0000000000011      0000010000010000011        
            000001  0000011      00000000000000001         
           000001    0000011      00000010000001           
          000001      0000011      00001  00001            
         0000011       0000011                             
         0000011       0000011                             
          0000011     0000011                              
           0000011   0000011                               
            000001110000011                                
             000000000001                                  
              0000000001                                   
                                                           
                                                           
                                                           